255 174 136
255 176 134
255 179 131
255 181 129
255 183 127
255 186 124
255 188 122
255 190 120
255 193 117
255 195 115
255 197 113
255 200 110
255 202 108
255 204 106
255 207 103
255 209 101
255 211  99
255 214  96
255 216  94
255 219  91
255 221  89
255 223  87
255 226  84
255 228  82
255 230  80
255 233  77
255 235  75
255 237  73
255 240  70
255 242  68
255 244  66
255 247  63
255 249  61
255 251  59
255 254  56
254 255  56
251 255  59
249 255  61
247 255  63
244 255  66
242 255  68
240 255  70
237 255  73
235 255  75
233 255  77
230 255  80
228 255  82
226 255  84
223 255  87
221 255  89
219 255  91
216 255  94
214 255  96
211 255  99
209 255 101
207 255 103
204 255 106
202 255 108
200 255 110
197 255 113
195 255 115
193 255 117
190 255 120
188 255 122
186 255 124
183 255 127
181 255 129
179 255 131
176 255 134
174 255 136
171 255 139
169 255 141
167 255 143
164 255 146
162 255 148
160 255 150
157 255 153
155 255 155
153 255 157
150 255 160
148 255 162
146 255 164
143 255 167
141 255 169
139 255 171
136 255 174
134 255 176
131 255 179
129 255 181
127 255 183
124 255 186
122 255 188
120 255 190
117 255 193
115 255 195
113 255 197
110 255 200
108 255 202
106 255 204
103 255 207
101 255 209
 99 255 211
 96 255 214
 94 255 216
 91 255 219
 89 255 221
 87 255 223
 84 255 226
 82 255 228
 80 255 230
 77 255 233
 75 255 235
 73 255 237
 70 255 240
 68 255 242
 66 255 244
 63 255 247
 61 255 249
 59 255 251
 56 255 254
 56 254 255
 59 251 255
 61 249 255
 63 247 255
 66 244 255
 68 242 255
 70 240 255
 73 237 255
 75 235 255
 77 233 255
 80 230 255
 82 228 255
 84 226 255
 87 223 255
 89 221 255
 91 219 255
 94 216 255
 96 214 255
 99 211 255
101 209 255
103 207 255
106 204 255
108 202 255
110 200 255
113 197 255
115 195 255
117 193 255
120 190 255
122 188 255
124 186 255
127 183 255
129 181 255
131 179 255
134 176 255
136 174 255
139 171 255
141 169 255
143 167 255
146 164 255
148 162 255
150 160 255
153 157 255
155 155 255
157 153 255
160 150 255
162 148 255
164 146 255
167 143 255
169 141 255
171 139 255
174 136 255
176 134 255
179 131 255
181 129 255
183 127 255
186 124 255
188 122 255
190 120 255
193 117 255
195 115 255
197 113 255
200 110 255
202 108 255
204 106 255
207 103 255
209 101 255
211  99 255
214  96 255
216  94 255
219  91 255
221  89 255
223  87 255
226  84 255
228  82 255
230  80 255
233  77 255
235  75 255
237  73 255
240  70 255
242  68 255
244  66 255
247  63 255
249  61 255
251  59 255
254  56 255
255  56 254
255  59 251
255  61 249
255  63 247
255  66 244
255  68 242
255  70 240
255  73 237
255  75 235
255  77 233
255  80 230
255  82 228
255  84 226
255  87 223
255  89 221
255  91 219
255  94 216
255  96 214
255  99 211
255 101 209
255 103 207
255 106 204
255 108 202
255 110 200
255 113 197
255 115 195
255 117 193
255 120 190
255 122 188
255 124 186
255 127 183
255 129 181
255 131 179
255 134 176
255 136 174
255 139 171
255 141 169
255 143 167
255 146 164
255 148 162
255 150 160
255 153 157
255 155 155
255 155 155
255 157 153
255 160 150
255 162 148
255 164 146
255 167 143
255 169 141
255 171 139
