255 164 121
255 166 119
255 169 116
255 172 113
255 174 111
255 177 108
255 180 105
255 182 103
255 185 100
255 188  97
255 190  95
255 193  92
255 195  90
255 198  87
255 201  84
255 203  82
255 206  79
255 209  76
255 211  74
255 214  71
255 217  68
255 219  66
255 222  63
255 225  60
255 227  58
255 230  55
255 233  52
255 235  50
255 238  47
255 240  45
255 243  42
255 246  39
255 248  37
255 251  34
255 254  31
254 255  31
251 255  34
248 255  37
246 255  39
243 255  42
240 255  45
238 255  47
235 255  50
232 255  53
230 255  55
227 255  58
225 255  60
222 255  63
219 255  66
217 255  68
214 255  71
211 255  74
209 255  76
206 255  79
203 255  82
201 255  84
198 255  87
195 255  90
193 255  92
190 255  95
187 255  98
185 255 100
182 255 103
180 255 105
177 255 108
174 255 111
172 255 113
169 255 116
166 255 119
164 255 121
161 255 124
158 255 127
156 255 129
153 255 132
150 255 135
148 255 137
145 255 140
142 255 143
140 255 145
137 255 148
135 255 150
132 255 153
129 255 156
127 255 158
124 255 161
121 255 164
119 255 166
116 255 169
113 255 172
111 255 174
108 255 177
105 255 180
103 255 182
100 255 185
 97 255 188
 95 255 190
 92 255 193
 90 255 195
 87 255 198
 84 255 201
 82 255 203
 79 255 206
 76 255 209
 74 255 211
 71 255 214
 68 255 217
 66 255 219
 63 255 222
 60 255 225
 58 255 227
 55 255 230
 52 255 233
 50 255 235
 47 255 238
 45 255 240
 42 255 243
 39 255 246
 37 255 248
 34 255 251
 31 255 254
 31 254 255
 34 251 255
 37 248 255
 39 246 255
 42 243 255
 45 240 255
 47 238 255
 50 235 255
 53 232 255
 55 230 255
 58 227 255
 60 225 255
 63 222 255
 66 219 255
 68 217 255
 71 214 255
 74 211 255
 76 209 255
 79 206 255
 82 203 255
 84 201 255
 87 198 255
 90 195 255
 92 193 255
 95 190 255
 98 187 255
100 185 255
103 182 255
105 180 255
108 177 255
111 174 255
113 172 255
116 169 255
119 166 255
121 164 255
124 161 255
127 158 255
129 156 255
132 153 255
135 150 255
137 148 255
140 145 255
143 142 255
145 140 255
148 137 255
150 135 255
153 132 255
156 129 255
158 127 255
161 124 255
164 121 255
166 119 255
169 116 255
172 113 255
174 111 255
177 108 255
180 105 255
182 103 255
185 100 255
188  97 255
190  95 255
193  92 255
195  90 255
198  87 255
201  84 255
203  82 255
206  79 255
209  76 255
211  74 255
214  71 255
217  68 255
219  66 255
222  63 255
225  60 255
227  58 255
230  55 255
233  52 255
235  50 255
238  47 255
240  45 255
243  42 255
246  39 255
248  37 255
251  34 255
254  31 255
255  31 254
255  34 251
255  37 248
255  39 246
255  42 243
255  45 240
255  47 238
255  50 235
255  53 232
255  55 230
255  58 227
255  60 225
255  63 222
255  66 219
255  68 217
255  71 214
255  74 211
255  76 209
255  79 206
255  82 203
255  84 201
255  87 198
255  90 195
255  92 193
255  95 190
255  98 187
255 100 185
255 103 182
255 105 180
255 108 177
255 111 174
255 113 172
255 116 169
255 119 166
255 121 164
255 124 161
255 127 158
255 129 156
255 132 153
255 135 150
255 137 148
255 140 145
255 142 142
255 142 142
255 145 140
255 148 137
255 150 135
255 153 132
255 156 129
255 158 127
255 161 124
